8 seperate solutions with 24 syms 

1 2 3  8 9 7  6 4 5 
4 5 6  2 3 1  9 7 8 
7 8 9  5 6 4  3 1 2 
9 7 8  4 5 6  2 3 1 
3 1 2  7 8 9  5 6 4 
6 4 5  1 2 3  8 9 7 
5 6 4  3 1 2  7 8 9 
8 9 7  6 4 5  1 2 3 
2 3 1  9 7 8  4 5 6 



1 2 3  9 7 8  5 6 4 
4 5 6  3 1 2  8 9 7 
7 8 9  6 4 5  2 3 1 
8 9 7  4 5 6  3 1 2 
2 3 1  7 8 9  6 4 5 
5 6 4  1 2 3  9 7 8 
6 4 5  2 3 1  7 8 9 
9 7 8  5 6 4  1 2 3 
3 1 2  8 9 7  4 5 6 



1 2 3  5 6 4  9 7 8 
4 5 6  8 9 7  3 1 2 
7 8 9  2 3 1  6 4 5 
6 4 5  7 8 9  2 3 1 
9 7 8  1 2 3  5 6 4 
3 1 2  4 5 6  8 9 7 
8 9 7  3 1 2  4 5 6 
2 3 1  6 4 5  7 8 9 
5 6 4  9 7 8  1 2 3 

1 2 3  6 4 5  8 9 7 
4 5 6  9 7 8  2 3 1 
7 8 9  3 1 2  5 6 4 
5 6 4  7 8 9  3 1 2 
8 9 7  1 2 3  6 4 5 
2 3 1  4 5 6  9 7 8 
9 7 8  2 3 1  4 5 6 
3 1 2  5 6 4  7 8 9 
6 4 5  8 9 7  1 2 3 



1 2 3  8 9 7  6 4 5 
4 5 6  2 3 1  9 7 8 
7 8 9  5 6 4  3 1 2 
5 6 4  3 1 2  7 8 9 
8 9 7  6 4 5  1 2 3 
2 3 1  9 7 8  4 5 6 
9 7 8  4 5 6  2 3 1 
3 1 2  7 8 9  5 6 4 
6 4 5  1 2 3  8 9 7 



1 2 3  5 6 4  9 7 8 
4 5 6  8 9 7  3 1 2 
7 8 9  2 3 1  6 4 5 
8 9 7  3 1 2  4 5 6 
2 3 1  6 4 5  7 8 9 
5 6 4  9 7 8  1 2 3 
6 4 5  7 8 9  2 3 1 
9 7 8  1 2 3  5 6 4 
3 1 2  4 5 6  8 9 7 



1 2 3  9 7 8  5 6 4 
4 5 6  3 1 2  8 9 7 
7 8 9  6 4 5  2 3 1 
6 4 5  2 3 1  7 8 9 
9 7 8  5 6 4  1 2 3 
3 1 2  8 9 7  4 5 6 
8 9 7  4 5 6  3 1 2 
2 3 1  7 8 9  6 4 5 
5 6 4  1 2 3  9 7 8 



1 2 3  6 4 5  8 9 7 
4 5 6  9 7 8  2 3 1 
7 8 9  3 1 2  5 6 4 
9 7 8  2 3 1  4 5 6 
3 1 2  5 6 4  7 8 9 
6 4 5  8 9 7  1 2 3 
5 6 4  7 8 9  3 1 2 
8 9 7  1 2 3  6 4 5 
2 3 1  4 5 6  9 7 8 
